[gd_scene load_steps=5 format=3 uid="uid://0cqfm4tqbbhm"]

[ext_resource type="ArrayMesh" uid="uid://cgr8nbomp282a" path="res://Models/Roadies/Models/OBJ format/road_straight.obj" id="1_fwxxo"]
[ext_resource type="ArrayMesh" uid="uid://cjtfshq3qio84" path="res://Models/Roadies/Models/OBJ format/road_split.obj" id="2_1ebda"]
[ext_resource type="ArrayMesh" uid="uid://bt2nybi3glrht" path="res://Models/Roadies/Models/OBJ format/road_curvePavement.obj" id="3_3ihp2"]
[ext_resource type="ArrayMesh" uid="uid://btp4s7o77mtnk" path="res://Models/Roadies/Models/OBJ format/road_bendSidewalk.obj" id="4_v2lok"]

[node name="Highway" type="Node3D"]

[node name="RoadStraight" type="MeshInstance3D" parent="."]
transform = Transform3D(1, 0, 0, 0, 1, 0, 0, 0, 1, -1, 0, 0.5)
mesh = ExtResource("1_fwxxo")

[node name="RoadStraight2" type="MeshInstance3D" parent="."]
transform = Transform3D(1, 0, 0, 0, 1, 0, 0, 0, 1, -1, 0, -0.5)
mesh = ExtResource("1_fwxxo")

[node name="RoadStraight3" type="MeshInstance3D" parent="."]
transform = Transform3D(1, 0, 0, 0, 1, 0, 0, 0, 1, -2, 0, 0.5)
mesh = ExtResource("1_fwxxo")

[node name="RoadStraight4" type="MeshInstance3D" parent="."]
transform = Transform3D(1, 0, 0, 0, 1, 0, 0, 0, 1, -2, 0, -0.5)
mesh = ExtResource("1_fwxxo")

[node name="RoadStraight5" type="MeshInstance3D" parent="."]
transform = Transform3D(1, 0, 0, 0, 1, 0, 0, 0, 1, -3, 0, 0.5)
mesh = ExtResource("1_fwxxo")

[node name="RoadStraight6" type="MeshInstance3D" parent="."]
transform = Transform3D(1, 0, 0, 0, 1, 0, 0, 0, 1, -3, 0, -0.5)
mesh = ExtResource("1_fwxxo")

[node name="RoadStraight7" type="MeshInstance3D" parent="."]
transform = Transform3D(1, 0, 0, 0, 1, 0, 0, 0, 1, -4, 0, 0.5)
mesh = ExtResource("1_fwxxo")

[node name="RoadStraight8" type="MeshInstance3D" parent="."]
transform = Transform3D(1, 0, 0, 0, 1, 0, 0, 0, 1, -4, 0, -0.5)
mesh = ExtResource("1_fwxxo")

[node name="RoadStraight9" type="MeshInstance3D" parent="."]
transform = Transform3D(1, 0, 0, 0, 1, 0, 0, 0, 1, -5, 0, 0.5)
mesh = ExtResource("1_fwxxo")

[node name="RoadStraight10" type="MeshInstance3D" parent="."]
transform = Transform3D(1, 0, 0, 0, 1, 0, 0, 0, 1, -5, 0, -0.5)
mesh = ExtResource("1_fwxxo")

[node name="RoadStraight11" type="MeshInstance3D" parent="."]
transform = Transform3D(1, 0, 0, 0, 1, 0, 0, 0, 1, -6, 0, 0.5)
mesh = ExtResource("1_fwxxo")

[node name="RoadStraight12" type="MeshInstance3D" parent="."]
transform = Transform3D(1, 0, 0, 0, 1, 0, 0, 0, 1, -6, 0, -0.5)
mesh = ExtResource("1_fwxxo")

[node name="RoadStraight13" type="MeshInstance3D" parent="."]
transform = Transform3D(1, 0, 0, 0, 1, 0, 0, 0, 1, -7, 0, 0.5)
mesh = ExtResource("1_fwxxo")

[node name="RoadStraight14" type="MeshInstance3D" parent="."]
transform = Transform3D(1, 0, 0, 0, 1, 0, 0, 0, 1, -7, 0, -0.5)
mesh = ExtResource("1_fwxxo")

[node name="RoadStraight15" type="MeshInstance3D" parent="."]
transform = Transform3D(1, 0, 0, 0, 1, 0, 0, 0, 1, -8, 0, 0.5)
mesh = ExtResource("1_fwxxo")

[node name="RoadStraight16" type="MeshInstance3D" parent="."]
transform = Transform3D(1, 0, 0, 0, 1, 0, 0, 0, 1, -8, 0, -0.5)
mesh = ExtResource("1_fwxxo")

[node name="RoadStraight17" type="MeshInstance3D" parent="."]
transform = Transform3D(1, 0, 0, 0, 1, 0, 0, 0, 1, -9, 0, 0.5)
mesh = ExtResource("1_fwxxo")

[node name="RoadStraight18" type="MeshInstance3D" parent="."]
transform = Transform3D(1, 0, 0, 0, 1, 0, 0, 0, 1, -9, 0, -0.5)
mesh = ExtResource("1_fwxxo")

[node name="RoadStraight19" type="MeshInstance3D" parent="."]
transform = Transform3D(1, 0, 0, 0, 1, 0, 0, 0, 1, -10, 0, 0.5)
mesh = ExtResource("1_fwxxo")

[node name="RoadStraight20" type="MeshInstance3D" parent="."]
transform = Transform3D(1, 0, 0, 0, 1, 0, 0, 0, 1, -10, 0, -0.5)
mesh = ExtResource("1_fwxxo")

[node name="RoadStraight21" type="MeshInstance3D" parent="."]
transform = Transform3D(1, 0, 0, 0, 1, 0, 0, 0, 1, -11, 0, 0.5)
mesh = ExtResource("1_fwxxo")

[node name="RoadStraight22" type="MeshInstance3D" parent="."]
transform = Transform3D(1, 0, 0, 0, 1, 0, 0, 0, 1, -11, 0, -0.5)
mesh = ExtResource("1_fwxxo")

[node name="RoadStraight23" type="MeshInstance3D" parent="."]
transform = Transform3D(1, 0, 0, 0, 1, 0, 0, 0, 1, -12, 0, 0.5)
mesh = ExtResource("1_fwxxo")

[node name="RoadStraight24" type="MeshInstance3D" parent="."]
transform = Transform3D(1, 0, 0, 0, 1, 0, 0, 0, 1, -12, 0, -0.5)
mesh = ExtResource("1_fwxxo")

[node name="RoadStraight25" type="MeshInstance3D" parent="."]
transform = Transform3D(1, 0, 0, 0, 1, 0, 0, 0, 1, -13, 0, 0.5)
mesh = ExtResource("1_fwxxo")

[node name="RoadStraight26" type="MeshInstance3D" parent="."]
transform = Transform3D(1, 0, 0, 0, 1, 0, 0, 0, 1, -13, 0, -0.5)
mesh = ExtResource("1_fwxxo")

[node name="RoadStraight27" type="MeshInstance3D" parent="."]
transform = Transform3D(1, 0, 0, 0, 1, 0, 0, 0, 1, -14, 0, 0.5)
mesh = ExtResource("1_fwxxo")

[node name="RoadStraight28" type="MeshInstance3D" parent="."]
transform = Transform3D(1, 0, 0, 0, 1, 0, 0, 0, 1, -14, 0, -0.5)
mesh = ExtResource("1_fwxxo")

[node name="RoadStraight29" type="MeshInstance3D" parent="."]
transform = Transform3D(1, 0, 0, 0, 1, 0, 0, 0, 1, -15, 0, 0.5)
mesh = ExtResource("1_fwxxo")

[node name="RoadStraight30" type="MeshInstance3D" parent="."]
transform = Transform3D(1, 0, 0, 0, 1, 0, 0, 0, 1, -15, 0, -0.5)
mesh = ExtResource("1_fwxxo")

[node name="RoadStraight31" type="MeshInstance3D" parent="."]
transform = Transform3D(1, 0, 0, 0, 1, 0, 0, 0, 1, -16, 0, 0.5)
mesh = ExtResource("1_fwxxo")

[node name="RoadStraight32" type="MeshInstance3D" parent="."]
transform = Transform3D(1, 0, 0, 0, 1, 0, 0, 0, 1, -16, 0, -0.5)
mesh = ExtResource("1_fwxxo")

[node name="RoadStraight33" type="MeshInstance3D" parent="."]
transform = Transform3D(1, 0, 0, 0, 1, 0, 0, 0, 1, -17, 0, 0.5)
mesh = ExtResource("1_fwxxo")

[node name="RoadStraight34" type="MeshInstance3D" parent="."]
transform = Transform3D(1, 0, 0, 0, 1, 0, 0, 0, 1, -17, 0, -0.5)
mesh = ExtResource("1_fwxxo")

[node name="RoadStraight35" type="MeshInstance3D" parent="."]
transform = Transform3D(1, 0, 0, 0, 1, 0, 0, 0, 1, -18, 0, 0.5)
mesh = ExtResource("1_fwxxo")

[node name="RoadStraight36" type="MeshInstance3D" parent="."]
transform = Transform3D(1, 0, 0, 0, 1, 0, 0, 0, 1, -18, 0, -0.5)
mesh = ExtResource("1_fwxxo")

[node name="RoadStraight37" type="MeshInstance3D" parent="."]
transform = Transform3D(1, 0, 0, 0, 1, 0, 0, 0, 1, -19, 0, 0.5)
mesh = ExtResource("1_fwxxo")

[node name="RoadStraight38" type="MeshInstance3D" parent="."]
transform = Transform3D(1, 0, 0, 0, 1, 0, 0, 0, 1, -19, 0, -0.5)
mesh = ExtResource("1_fwxxo")

[node name="RoadStraight39" type="MeshInstance3D" parent="."]
transform = Transform3D(1, 0, 0, 0, 1, 0, 0, 0, 1, -20, 0, 0.5)
mesh = ExtResource("1_fwxxo")

[node name="RoadStraight40" type="MeshInstance3D" parent="."]
transform = Transform3D(1, 0, 0, 0, 1, 0, 0, 0, 1, -20, 0, -0.5)
mesh = ExtResource("1_fwxxo")

[node name="RoadStraight41" type="MeshInstance3D" parent="."]
transform = Transform3D(1, 0, 0, 0, 1, 0, 0, 0, 1, -21, 0, 0.5)
mesh = ExtResource("1_fwxxo")

[node name="RoadStraight42" type="MeshInstance3D" parent="."]
transform = Transform3D(1, 0, 0, 0, 1, 0, 0, 0, 1, -21, 0, -0.5)
mesh = ExtResource("1_fwxxo")

[node name="RoadStraight43" type="MeshInstance3D" parent="."]
transform = Transform3D(-0.00361104, 0.000844308, 0.999993, -0.000571833, 0.999999, -0.000846376, -0.999993, -0.000574882, -0.00361055, -22.9696, 0, 1.5)
mesh = ExtResource("1_fwxxo")

[node name="RoadStraight44" type="MeshInstance3D" parent="."]
transform = Transform3D(-4.37114e-08, 0, -1, 0, 1, 0, 1, 0, -4.37114e-08, -21.8863, 0, 1.5)
mesh = ExtResource("1_fwxxo")

[node name="RoadStraight45" type="MeshInstance3D" parent="."]
transform = Transform3D(-0.00361104, 0.000844308, 0.999993, -0.000571833, 0.999999, -0.000846376, -0.999993, -0.000574882, -0.00361055, -22.9696, 0, 2.5)
mesh = ExtResource("1_fwxxo")

[node name="RoadStraight46" type="MeshInstance3D" parent="."]
transform = Transform3D(-4.37114e-08, 0, -1, 0, 1, 0, 1, 0, -4.37114e-08, -21.8863, 0, 2.5)
mesh = ExtResource("1_fwxxo")

[node name="RoadStraight47" type="MeshInstance3D" parent="."]
transform = Transform3D(-0.00361104, 0.000844308, 0.999993, -0.000571833, 0.999999, -0.000846376, -0.999993, -0.000574882, -0.00361055, -22.9696, 0, 3.5)
mesh = ExtResource("1_fwxxo")

[node name="RoadStraight48" type="MeshInstance3D" parent="."]
transform = Transform3D(-4.37114e-08, 0, -1, 0, 1, 0, 1, 0, -4.37114e-08, -21.8863, 0, 3.5)
mesh = ExtResource("1_fwxxo")

[node name="RoadStraight49" type="MeshInstance3D" parent="."]
transform = Transform3D(-0.00361104, 0.000844308, 0.999993, -0.000571833, 0.999999, -0.000846376, -0.999993, -0.000574882, -0.00361055, -22.9696, 0, 4.5)
mesh = ExtResource("1_fwxxo")

[node name="RoadStraight50" type="MeshInstance3D" parent="."]
transform = Transform3D(-4.37114e-08, 0, -1, 0, 1, 0, 1, 0, -4.37114e-08, -21.8863, 0, 4.5)
mesh = ExtResource("1_fwxxo")

[node name="RoadStraight51" type="MeshInstance3D" parent="."]
transform = Transform3D(-0.00361104, 0.000844308, 0.999993, -0.000571833, 0.999999, -0.000846376, -0.999993, -0.000574882, -0.00361055, -22.9696, 0, 5.5)
mesh = ExtResource("1_fwxxo")

[node name="RoadStraight52" type="MeshInstance3D" parent="."]
transform = Transform3D(-4.37114e-08, 0, -1, 0, 1, 0, 1, 0, -4.37114e-08, -21.8863, 0, 5.5)
mesh = ExtResource("1_fwxxo")

[node name="RoadStraight53" type="MeshInstance3D" parent="."]
transform = Transform3D(-0.00361104, 0.000844308, 0.999993, -0.000571833, 0.999999, -0.000846376, -0.999993, -0.000574882, -0.00361055, -22.9696, 0, 6.5)
mesh = ExtResource("1_fwxxo")

[node name="RoadStraight54" type="MeshInstance3D" parent="."]
transform = Transform3D(-4.37114e-08, 0, -1, 0, 1, 0, 1, 0, -4.37114e-08, -21.8863, 0, 6.5)
mesh = ExtResource("1_fwxxo")

[node name="RoadStraight55" type="MeshInstance3D" parent="."]
transform = Transform3D(-0.00361104, 0.000844308, 0.999993, -0.000571833, 0.999999, -0.000846376, -0.999993, -0.000574882, -0.00361055, -22.9696, 0, 7.5)
mesh = ExtResource("1_fwxxo")

[node name="RoadStraight56" type="MeshInstance3D" parent="."]
transform = Transform3D(-4.37114e-08, 0, -1, 0, 1, 0, 1, 0, -4.37114e-08, -21.8863, 0, 7.5)
mesh = ExtResource("1_fwxxo")

[node name="RoadStraight57" type="MeshInstance3D" parent="."]
transform = Transform3D(-0.00361104, 0.000844308, 0.999993, -0.000571833, 0.999999, -0.000846376, -0.999993, -0.000574882, -0.00361055, -22.9696, 0, 8.5)
mesh = ExtResource("1_fwxxo")

[node name="RoadStraight58" type="MeshInstance3D" parent="."]
transform = Transform3D(-4.37114e-08, 0, -1, 0, 1, 0, 1, 0, -4.37114e-08, -21.8863, 0, 8.5)
mesh = ExtResource("1_fwxxo")

[node name="RoadStraight59" type="MeshInstance3D" parent="."]
transform = Transform3D(-0.00361104, 0.000844308, 0.999993, -0.000571833, 0.999999, -0.000846376, -0.999993, -0.000574882, -0.00361055, -22.9696, 0, 9.5)
mesh = ExtResource("1_fwxxo")

[node name="RoadStraight60" type="MeshInstance3D" parent="."]
transform = Transform3D(-4.37114e-08, 0, -1, 0, 1, 0, 1, 0, -4.37114e-08, -21.8863, 0, 9.5)
mesh = ExtResource("1_fwxxo")

[node name="RoadStraight61" type="MeshInstance3D" parent="."]
transform = Transform3D(-0.00361104, 0.000844308, 0.999993, -0.000571833, 0.999999, -0.000846376, -0.999993, -0.000574882, -0.00361055, -22.9696, 0, 10.5)
mesh = ExtResource("1_fwxxo")

[node name="RoadStraight62" type="MeshInstance3D" parent="."]
transform = Transform3D(-4.37114e-08, 0, -1, 0, 1, 0, 1, 0, -4.37114e-08, -21.8863, 0, 10.5)
mesh = ExtResource("1_fwxxo")

[node name="RoadStraight63" type="MeshInstance3D" parent="."]
transform = Transform3D(-0.00361104, 0.000844308, 0.999993, -0.000571833, 0.999999, -0.000846376, -0.999993, -0.000574882, -0.00361055, -22.9696, 0, 11.5)
mesh = ExtResource("1_fwxxo")

[node name="RoadStraight64" type="MeshInstance3D" parent="."]
transform = Transform3D(-4.37114e-08, 0, -1, 0, 1, 0, 1, 0, -4.37114e-08, -21.8863, 0, 11.5)
mesh = ExtResource("1_fwxxo")

[node name="RoadStraight65" type="MeshInstance3D" parent="."]
transform = Transform3D(-0.00361104, 0.000844308, 0.999993, -0.000571833, 0.999999, -0.000846376, -0.999993, -0.000574882, -0.00361055, -22.9696, 0, 12.5)
mesh = ExtResource("1_fwxxo")

[node name="RoadStraight66" type="MeshInstance3D" parent="."]
transform = Transform3D(-4.37114e-08, 0, -1, 0, 1, 0, 1, 0, -4.37114e-08, -21.8863, 0, 12.5)
mesh = ExtResource("1_fwxxo")

[node name="RoadStraight67" type="MeshInstance3D" parent="."]
transform = Transform3D(-0.00361104, 0.000844308, 0.999993, -0.000571833, 0.999999, -0.000846376, -0.999993, -0.000574882, -0.00361055, -22.9696, 0, 13.5)
mesh = ExtResource("1_fwxxo")

[node name="RoadStraight68" type="MeshInstance3D" parent="."]
transform = Transform3D(-4.37114e-08, 0, -1, 0, 1, 0, 1, 0, -4.37114e-08, -21.8863, 0, 13.5)
mesh = ExtResource("1_fwxxo")

[node name="RoadStraight69" type="MeshInstance3D" parent="."]
transform = Transform3D(-0.00361104, 0.000844308, 0.999993, -0.000571833, 0.999999, -0.000846376, -0.999993, -0.000574882, -0.00361055, -22.9696, 0, 14.5)
mesh = ExtResource("1_fwxxo")

[node name="RoadStraight70" type="MeshInstance3D" parent="."]
transform = Transform3D(-4.37114e-08, 0, -1, 0, 1, 0, 1, 0, -4.37114e-08, -21.8863, 0, 14.5)
mesh = ExtResource("1_fwxxo")

[node name="RoadStraight71" type="MeshInstance3D" parent="."]
transform = Transform3D(-0.00361104, 0.000844308, 0.999993, -0.000571833, 0.999999, -0.000846376, -0.999993, -0.000574882, -0.00361055, -22.9696, 0, 15.5)
mesh = ExtResource("1_fwxxo")

[node name="RoadStraight72" type="MeshInstance3D" parent="."]
transform = Transform3D(-4.37114e-08, 0, -1, 0, 1, 0, 1, 0, -4.37114e-08, -21.8863, 0, 15.5)
mesh = ExtResource("1_fwxxo")

[node name="RoadStraight73" type="MeshInstance3D" parent="."]
transform = Transform3D(-0.00361104, 0.000844308, 0.999993, -0.000571833, 0.999999, -0.000846376, -0.999993, -0.000574882, -0.00361055, -22.9696, 0, 16.5)
mesh = ExtResource("1_fwxxo")

[node name="RoadStraight74" type="MeshInstance3D" parent="."]
transform = Transform3D(-4.37114e-08, 0, -1, 0, 1, 0, 1, 0, -4.37114e-08, -21.8863, 0, 16.5)
mesh = ExtResource("1_fwxxo")

[node name="RoadStraight75" type="MeshInstance3D" parent="."]
transform = Transform3D(-0.00361104, 0.000844308, 0.999993, -0.000571833, 0.999999, -0.000846376, -0.999993, -0.000574882, -0.00361055, -22.9696, 0, 17.5)
mesh = ExtResource("1_fwxxo")

[node name="RoadStraight76" type="MeshInstance3D" parent="."]
transform = Transform3D(-4.37114e-08, 0, -1, 0, 1, 0, 1, 0, -4.37114e-08, -21.8863, 0, 17.5)
mesh = ExtResource("1_fwxxo")

[node name="RoadSplit" type="MeshInstance3D" parent="."]
transform = Transform3D(-4.37114e-08, 0, -1, 0, 1, 0, 1, 0, -4.37114e-08, -22.4548, 0, 18.4982)
mesh = ExtResource("2_1ebda")

[node name="RoadSplit2" type="MeshInstance3D" parent="."]
transform = Transform3D(1, 0, 0, 0, 1, 0, 0, 0, 1, -0.00601101, 0, -0.00163567)
mesh = ExtResource("2_1ebda")

[node name="RoadCurvePavement" type="MeshInstance3D" parent="."]
transform = Transform3D(-4.37114e-08, 0, 1, 0, 1, 0, -1, 0, -4.37114e-08, -22.475, 0, 0)
mesh = ExtResource("3_3ihp2")

[node name="RoadBendSidewalk" type="MeshInstance3D" parent="."]
transform = Transform3D(-0.022949, 0, 0.999737, 0, 1, 0, -0.999737, 0, -0.022949, -21.898, 0.0102621, 0.499912)
mesh = ExtResource("4_v2lok")
